Original DE gives 3 axes, however 2 axes are possible 
00 =
[1, 0, 0, 0, 0, 0, 0, 1, 0, 0, 0]
01 =
[1, 1, 0, 1, 1, 1, 1, 1, 1, 1, 1]
02 =
[1, 0, 1, 1, 1, 0, 1, 1, 1, 1, 1]
03 =
[1, 0, 0, 0, 0, 0, 0, 0, 0, 0, 0]
04 =
[1, 1, 0, 1, 1, 1, 1, 1, 1, 1, 1]
05 =
[1, 0, 1, 0, 0, 0, 0, 1, 0, 0, 1]
06 =
[1, 1, 1, 1, 1, 0, 1, 1, 1, 1, 1]
07 =
[1, 0, 1, 0, 0, 0, 0, 1, 0, 0, 1]
08 =
[1, 1, 1, 1, 1, 1, 1, 1, 1, 1, 1]
09 =
[1, 0, 1, 1, 1, 0, 1, 1, 1, 1, 1]
10 =
[1, 0, 1, 0, 0, 0, 0, 1, 0, 0, 0]
11 =
[1, 1, 0, 1, 0, 1, 1, 1, 1, 1, 1]
12 =
[0, 0, 0, 1, 0, 0, 1, 0, 0, 1, 0]
13 =
[1, 1, 1, 1, 1, 0, 1, 1, 1, 1, 1]
14 =
[1, 0, 1, 0, 0, 0, 0, 1, 0, 1, 1]
15 =
[1, 1, 0, 1, 0, 1, 1, 1, 1, 1, 1]
16 =
[0, 0, 0, 1, 0, 0, 1, 1, 0, 1, 1]
17 =
[1, 0, 1, 0, 1, 0, 1, 1, 0, 1, 1]
18 =
[0, 0, 0, 1, 0, 0, 1, 0, 0, 1, 1]
19 =
[1, 1, 0, 1, 0, 1, 1, 1, 1, 1, 1]


Correct solution:
0 =
[[3], [0], [10], [5, 7], [14], [17], [2, 9], [6, 13]]
1 =
[[12], [18], [16], [11, 15, 19], [1, 4]]


DE produced 
0 =
[[3], [0], [10], [5, 7], [14], [17]]
1 =
[[12], [18], [16], [2, 9], [6, 13]]
2 =
[[11, 15, 19], [1, 4]]

Test for correctness
Axis 1 pareto relation holds
[1, 0, 0, 0, 0, 0, 0, 0, 0, 0, 0]
[1, 0, 0, 0, 0, 0, 0, 1, 0, 0, 0]
[1, 0, 1, 0, 0, 0, 0, 1, 0, 0, 0]
[1, 0, 1, 0, 0, 0, 0, 1, 0, 0, 1]
[1, 0, 1, 0, 0, 0, 0, 1, 0, 1, 1]
[1, 0, 1, 0, 1, 0, 1, 1, 0, 1, 1]
[1, 0, 1, 1, 1, 0, 1, 1, 1, 1, 1] - 2
[1, 1, 1, 1, 1, 0, 1, 1, 1, 1, 1]

Axis 2 - pareto relation holds
[0, 0, 0, 1, 0, 0, 1, 0, 0, 1, 0]
[0, 0, 0, 1, 0, 0, 1, 0, 0, 1, 1]
[0, 0, 0, 1, 0, 0, 1, 1, 0, 1, 1]
[1, 1, 0, 1, 0, 1, 1, 1, 1, 1, 1]
[1, 1, 0, 1, 1, 1, 1, 1, 1, 1, 1]

Problem: [2, 9] has 2 places where they should be inserted - two ends of axes. 
Selection of wrong axis leads to blocking of insertion of ind 11 and allocation of the new axis. 
Inds for reference from matrix above
16 [0, 0, 0, 1, 0, 0, 1, 1, 0, 1, 1]
2  [1, 0, 1, 1, 1, 0, 1, 1, 1, 1, 1]
11 [1, 1, 0, 1, 0, 1, 1, 1, 1, 1, 1]

Matrix in raw form:
[[1, 0, 0, 0, 0, 0, 0, 1, 0, 0, 0],
[1, 1, 0, 1, 1, 1, 1, 1, 1, 1, 1],
[1, 0, 1, 1, 1, 0, 1, 1, 1, 1, 1],
[1, 0, 0, 0, 0, 0, 0, 0, 0, 0, 0],
[1, 1, 0, 1, 1, 1, 1, 1, 1, 1, 1],
[1, 0, 1, 0, 0, 0, 0, 1, 0, 0, 1],
[1, 1, 1, 1, 1, 0, 1, 1, 1, 1, 1],
[1, 0, 1, 0, 0, 0, 0, 1, 0, 0, 1],
[1, 1, 1, 1, 1, 1, 1, 1, 1, 1, 1],
[1, 0, 1, 1, 1, 0, 1, 1, 1, 1, 1],
[1, 0, 1, 0, 0, 0, 0, 1, 0, 0, 0],
[1, 1, 0, 1, 0, 1, 1, 1, 1, 1, 1],
[0, 0, 0, 1, 0, 0, 1, 0, 0, 1, 0],
[1, 1, 1, 1, 1, 0, 1, 1, 1, 1, 1],
[1, 0, 1, 0, 0, 0, 0, 1, 0, 1, 1],
[1, 1, 0, 1, 0, 1, 1, 1, 1, 1, 1],
[0, 0, 0, 1, 0, 0, 1, 1, 0, 1, 1],
[1, 0, 1, 0, 1, 0, 1, 1, 0, 1, 1],
[0, 0, 0, 1, 0, 0, 1, 0, 0, 1, 1],
[1, 1, 0, 1, 0, 1, 1, 1, 1, 1, 1]]