Interactions of CompareOnOneGame
 win    num    0,0    0,1    0,2    1,0    1,1    1,2    2,0    2,1    2,2
-----  -----  -----  -----  -----  -----  -----  -----  -----  -----  -----
  0     0,0
  3     0,1     1                    1                    1
  6     0,2     1      1             1      1             1      1
  3     1,0     1      1      1
  3     1,1     1      1      1
  6     1,2     1      1             1      1             1      1
  6     2,0     1      1      1      1      1      1
  6     2,1     1      1      1      1      1      1
  6     2,2     1      1      1      1      1      1


Dims: 2, points=2 Origin: 1 Spanned: 0
 dim    pos    num    0,0    0,1    0,2    1,0    1,1    1,2    2,0    2,1    2,2
-----  -----  -----  -----  -----  -----  -----  -----  -----  -----  -----  -----
  0      0     0,1     1                    1                    1
  0      1     0,2     1      1             1      1             1      1
  0      1     1,2     1      1             1      1             1      1
-----  -----  -----  -----  -----  -----  -----  -----  -----  -----  -----  -----
  1      0     1,0     1      1      1
  1      0     1,1     1      1      1
  1      1     2,0     1      1      1      1      1      1
  1      1     2,1     1      1      1      1      1      1
  1      1     2,2     1      1      1      1      1      1
-----  -----  -----  -----  -----  -----  -----  -----  -----  -----  -----  -----
ORIG    0,0
-----  -----  -----  -----  -----  -----  -----  -----  -----  -----  -----  -----
