Interactions of FocusingGame
 win    num    0,0    0,1    0,2    1,0    1,1    1,2    2,0    2,1    2,2
-----  -----  -----  -----  -----  -----  -----  -----  -----  -----  -----
  9     0,0     1      1      1      1      1      1      1      1      1
  6     0,1     1      1             1      1             1      1
  9     0,2     1      1      1      1      1      1      1      1      1
  6     1,0     1      1      1      1      1      1
  9     1,1     1      1      1      1      1      1      1      1      1
  9     1,2     1      1      1      1      1      1      1      1      1
  9     2,0     1      1      1      1      1      1      1      1      1
  9     2,1     1      1      1      1      1      1      1      1      1
  9     2,2     1      1      1      1      1      1      1      1      1


Dims: 2, points=2 Origin: 0 Spanned: 0
 dim    pos    num    0,0    0,1    0,2    1,0    1,1    1,2    2,0    2,1    2,2
-----  -----  -----  -----  -----  -----  -----  -----  -----  -----  -----  -----
  0      0     0,1     1      1             1      1             1      1
  0      1     0,0     1      1      1      1      1      1      1      1      1
  0      1     0,2     1      1      1      1      1      1      1      1      1
  0      1     1,1     1      1      1      1      1      1      1      1      1
  0      1     1,2     1      1      1      1      1      1      1      1      1
  0      1     2,0     1      1      1      1      1      1      1      1      1
  0      1     2,1     1      1      1      1      1      1      1      1      1
  0      1     2,2     1      1      1      1      1      1      1      1      1
-----  -----  -----  -----  -----  -----  -----  -----  -----  -----  -----  -----
  1      0     1,0     1      1      1      1      1      1
-----  -----  -----  -----  -----  -----  -----  -----  -----  -----  -----  -----
