Interactions of GreaterThanGame
 win    num    0,0    0,1    0,2    1,0    1,1    1,2    2,0    2,1    2,2
-----  -----  -----  -----  -----  -----  -----  -----  -----  -----  -----
  3     0,0     1      1      1
  3     0,1     1      1      1
  3     0,2     1      1      1
  6     1,0     1      1      1      1      1      1
  6     1,1     1      1      1      1      1      1
  6     1,2     1      1      1      1      1      1
  9     2,0     1      1      1      1      1      1      1      1      1
  9     2,1     1      1      1      1      1      1      1      1      1
  9     2,2     1      1      1      1      1      1      1      1      1


Dims: 1, points=3 Origin: 0 Spanned: 0
 dim    pos    num    0,0    0,1    0,2    1,0    1,1    1,2    2,0    2,1    2,2
-----  -----  -----  -----  -----  -----  -----  -----  -----  -----  -----  -----
  0      0     0,0     1      1      1
  0      0     0,1     1      1      1
  0      0     0,2     1      1      1
  0      1     1,0     1      1      1      1      1      1
  0      1     1,1     1      1      1      1      1      1
  0      1     1,2     1      1      1      1      1      1
  0      2     2,0     1      1      1      1      1      1      1      1      1
  0      2     2,1     1      1      1      1      1      1      1      1      1
  0      2     2,2     1      1      1      1      1      1      1      1      1
-----  -----  -----  -----  -----  -----  -----  -----  -----  -----  -----  -----
