Interactions of IntransitiveRegionGame
 win    num    0,0    0,1    0,2    0,3    0,4    0,5    1,0    1,1    1,2    1,3    1,4    1,5    2,0    2,1    2,2    2,3    2,4    2,5    3,0    3,1    3,2    3,3    3,4    3,5    4,0    4,1    4,2    4,3    4,4    4,5    5,0    5,1    5,2    5,3    5,4    5,5
-----  -----  -----  -----  -----  -----  -----  -----  -----  -----  -----  -----  -----  -----  -----  -----  -----  -----  -----  -----  -----  -----  -----  -----  -----  -----  -----  -----  -----  -----  -----  -----  -----  -----  -----  -----  -----  -----
 20     0,0     1      1      1      1      1      1      1      1      1      1      1      1      1      1                                  1      1                                  1      1                                  1      1
 20     0,1     1      1      1      1      1      1      1      1      1      1      1      1      1      1                                  1      1                                  1      1                                  1      1
 28     0,2     1      1      1      1      1      1      1      1      1      1      1      1      1      1      1      1                    1      1      1      1                    1      1      1      1                    1      1      1      1
 28     0,3     1      1      1      1      1      1      1      1      1      1      1      1      1      1      1      1                    1      1      1      1                    1      1      1      1                    1      1      1      1
 32     0,4     1      1      1      1      1      1      1      1      1      1      1      1                    1      1      1      1                    1      1      1      1      1      1      1      1      1      1      1      1      1      1      1      1
 32     0,5     1      1      1      1      1      1      1      1      1      1      1      1                    1      1      1      1                    1      1      1      1      1      1      1      1      1      1      1      1      1      1      1      1
 20     1,0     1      1      1      1      1      1      1      1      1      1      1      1      1      1                                  1      1                                  1      1                                  1      1
 20     1,1     1      1      1      1      1      1      1      1      1      1      1      1      1      1                                  1      1                                  1      1                                  1      1
 28     1,2     1      1      1      1      1      1      1      1      1      1      1      1      1      1      1      1                    1      1      1      1                    1      1      1      1                    1      1      1      1
 28     1,3     1      1      1      1      1      1      1      1      1      1      1      1      1      1      1      1                    1      1      1      1                    1      1      1      1                    1      1      1      1
 32     1,4     1      1      1      1      1      1      1      1      1      1      1      1                    1      1      1      1                    1      1      1      1      1      1      1      1      1      1      1      1      1      1      1      1
 32     1,5     1      1      1      1      1      1      1      1      1      1      1      1                    1      1      1      1                    1      1      1      1      1      1      1      1      1      1      1      1      1      1      1      1
 24     2,0     1      1                    1      1      1      1                    1      1      1      1      1      1      1      1      1      1      1      1      1      1      1      1                                  1      1
 24     2,1     1      1                    1      1      1      1                    1      1      1      1      1      1      1      1      1      1      1      1      1      1      1      1                                  1      1
 28     2,2     1      1      1      1                    1      1      1      1                    1      1      1      1      1      1      1      1      1      1      1      1      1      1      1      1                    1      1      1      1
 28     2,3     1      1      1      1                    1      1      1      1                    1      1      1      1      1      1      1      1      1      1      1      1      1      1      1      1                    1      1      1      1
 32     2,4     1      1      1      1      1      1      1      1      1      1      1      1      1      1      1      1      1      1      1      1      1      1      1      1                    1      1      1      1                    1      1      1      1
 32     2,5     1      1      1      1      1      1      1      1      1      1      1      1      1      1      1      1      1      1      1      1      1      1      1      1                    1      1      1      1                    1      1      1      1
 24     3,0     1      1                    1      1      1      1                    1      1      1      1      1      1      1      1      1      1      1      1      1      1      1      1                                  1      1
 24     3,1     1      1                    1      1      1      1                    1      1      1      1      1      1      1      1      1      1      1      1      1      1      1      1                                  1      1
 28     3,2     1      1      1      1                    1      1      1      1                    1      1      1      1      1      1      1      1      1      1      1      1      1      1      1      1                    1      1      1      1
 28     3,3     1      1      1      1                    1      1      1      1                    1      1      1      1      1      1      1      1      1      1      1      1      1      1      1      1                    1      1      1      1
 32     3,4     1      1      1      1      1      1      1      1      1      1      1      1      1      1      1      1      1      1      1      1      1      1      1      1                    1      1      1      1                    1      1      1      1
 32     3,5     1      1      1      1      1      1      1      1      1      1      1      1      1      1      1      1      1      1      1      1      1      1      1      1                    1      1      1      1                    1      1      1      1
 24     4,0     1      1                                  1      1                                  1      1                    1      1      1      1                    1      1      1      1      1      1      1      1      1      1      1      1      1      1
 24     4,1     1      1                                  1      1                                  1      1                    1      1      1      1                    1      1      1      1      1      1      1      1      1      1      1      1      1      1
 28     4,2     1      1      1      1                    1      1      1      1                    1      1      1      1                    1      1      1      1                    1      1      1      1      1      1      1      1      1      1      1      1
 28     4,3     1      1      1      1                    1      1      1      1                    1      1      1      1                    1      1      1      1                    1      1      1      1      1      1      1      1      1      1      1      1
 36     4,4     1      1      1      1      1      1      1      1      1      1      1      1      1      1      1      1      1      1      1      1      1      1      1      1      1      1      1      1      1      1      1      1      1      1      1      1
 36     4,5     1      1      1      1      1      1      1      1      1      1      1      1      1      1      1      1      1      1      1      1      1      1      1      1      1      1      1      1      1      1      1      1      1      1      1      1
 24     5,0     1      1                                  1      1                                  1      1                    1      1      1      1                    1      1      1      1      1      1      1      1      1      1      1      1      1      1
 24     5,1     1      1                                  1      1                                  1      1                    1      1      1      1                    1      1      1      1      1      1      1      1      1      1      1      1      1      1
 28     5,2     1      1      1      1                    1      1      1      1                    1      1      1      1                    1      1      1      1                    1      1      1      1      1      1      1      1      1      1      1      1
 28     5,3     1      1      1      1                    1      1      1      1                    1      1      1      1                    1      1      1      1                    1      1      1      1      1      1      1      1      1      1      1      1
 36     5,4     1      1      1      1      1      1      1      1      1      1      1      1      1      1      1      1      1      1      1      1      1      1      1      1      1      1      1      1      1      1      1      1      1      1      1      1
 36     5,5     1      1      1      1      1      1      1      1      1      1      1      1      1      1      1      1      1      1      1      1      1      1      1      1      1      1      1      1      1      1      1      1      1      1      1      1


Dims: 7, points=2 Origin: 0 Spanned: 4
 dim    pos    num    0,0    0,1    0,2    0,3    0,4    0,5    1,0    1,1    1,2    1,3    1,4    1,5    2,0    2,1    2,2    2,3    2,4    2,5    3,0    3,1    3,2    3,3    3,4    3,5    4,0    4,1    4,2    4,3    4,4    4,5    5,0    5,1    5,2    5,3    5,4    5,5
-----  -----  -----  -----  -----  -----  -----  -----  -----  -----  -----  -----  -----  -----  -----  -----  -----  -----  -----  -----  -----  -----  -----  -----  -----  -----  -----  -----  -----  -----  -----  -----  -----  -----  -----  -----  -----  -----  -----
  0      0     0,0     1      1      1      1      1      1      1      1      1      1      1      1      1      1                                  1      1                                  1      1                                  1      1
  0      0     0,1     1      1      1      1      1      1      1      1      1      1      1      1      1      1                                  1      1                                  1      1                                  1      1
  0      0     1,0     1      1      1      1      1      1      1      1      1      1      1      1      1      1                                  1      1                                  1      1                                  1      1
  0      0     1,1     1      1      1      1      1      1      1      1      1      1      1      1      1      1                                  1      1                                  1      1                                  1      1
  0      1     0,2     1      1      1      1      1      1      1      1      1      1      1      1      1      1      1      1                    1      1      1      1                    1      1      1      1                    1      1      1      1
  0      1     0,3     1      1      1      1      1      1      1      1      1      1      1      1      1      1      1      1                    1      1      1      1                    1      1      1      1                    1      1      1      1
  0      1     1,2     1      1      1      1      1      1      1      1      1      1      1      1      1      1      1      1                    1      1      1      1                    1      1      1      1                    1      1      1      1
  0      1     1,3     1      1      1      1      1      1      1      1      1      1      1      1      1      1      1      1                    1      1      1      1                    1      1      1      1                    1      1      1      1
-----  -----  -----  -----  -----  -----  -----  -----  -----  -----  -----  -----  -----  -----  -----  -----  -----  -----  -----  -----  -----  -----  -----  -----  -----  -----  -----  -----  -----  -----  -----  -----  -----  -----  -----  -----  -----  -----  -----
  1      0     0,4     1      1      1      1      1      1      1      1      1      1      1      1                    1      1      1      1                    1      1      1      1      1      1      1      1      1      1      1      1      1      1      1      1
  1      0     0,5     1      1      1      1      1      1      1      1      1      1      1      1                    1      1      1      1                    1      1      1      1      1      1      1      1      1      1      1      1      1      1      1      1
  1      0     1,4     1      1      1      1      1      1      1      1      1      1      1      1                    1      1      1      1                    1      1      1      1      1      1      1      1      1      1      1      1      1      1      1      1
  1      0     1,5     1      1      1      1      1      1      1      1      1      1      1      1                    1      1      1      1                    1      1      1      1      1      1      1      1      1      1      1      1      1      1      1      1
-----  -----  -----  -----  -----  -----  -----  -----  -----  -----  -----  -----  -----  -----  -----  -----  -----  -----  -----  -----  -----  -----  -----  -----  -----  -----  -----  -----  -----  -----  -----  -----  -----  -----  -----  -----  -----  -----  -----
  2      0     2,0     1      1                    1      1      1      1                    1      1      1      1      1      1      1      1      1      1      1      1      1      1      1      1                                  1      1
  2      0     2,1     1      1                    1      1      1      1                    1      1      1      1      1      1      1      1      1      1      1      1      1      1      1      1                                  1      1
  2      0     3,0     1      1                    1      1      1      1                    1      1      1      1      1      1      1      1      1      1      1      1      1      1      1      1                                  1      1
  2      0     3,1     1      1                    1      1      1      1                    1      1      1      1      1      1      1      1      1      1      1      1      1      1      1      1                                  1      1
-----  -----  -----  -----  -----  -----  -----  -----  -----  -----  -----  -----  -----  -----  -----  -----  -----  -----  -----  -----  -----  -----  -----  -----  -----  -----  -----  -----  -----  -----  -----  -----  -----  -----  -----  -----  -----  -----  -----
  3      0     2,2     1      1      1      1                    1      1      1      1                    1      1      1      1      1      1      1      1      1      1      1      1      1      1      1      1                    1      1      1      1
  3      0     2,3     1      1      1      1                    1      1      1      1                    1      1      1      1      1      1      1      1      1      1      1      1      1      1      1      1                    1      1      1      1
  3      0     3,2     1      1      1      1                    1      1      1      1                    1      1      1      1      1      1      1      1      1      1      1      1      1      1      1      1                    1      1      1      1
  3      0     3,3     1      1      1      1                    1      1      1      1                    1      1      1      1      1      1      1      1      1      1      1      1      1      1      1      1                    1      1      1      1
-----  -----  -----  -----  -----  -----  -----  -----  -----  -----  -----  -----  -----  -----  -----  -----  -----  -----  -----  -----  -----  -----  -----  -----  -----  -----  -----  -----  -----  -----  -----  -----  -----  -----  -----  -----  -----  -----  -----
  4      0     2,4     1      1      1      1      1      1      1      1      1      1      1      1      1      1      1      1      1      1      1      1      1      1      1      1                    1      1      1      1                    1      1      1      1
  4      0     2,5     1      1      1      1      1      1      1      1      1      1      1      1      1      1      1      1      1      1      1      1      1      1      1      1                    1      1      1      1                    1      1      1      1
  4      0     3,4     1      1      1      1      1      1      1      1      1      1      1      1      1      1      1      1      1      1      1      1      1      1      1      1                    1      1      1      1                    1      1      1      1
  4      0     3,5     1      1      1      1      1      1      1      1      1      1      1      1      1      1      1      1      1      1      1      1      1      1      1      1                    1      1      1      1                    1      1      1      1
-----  -----  -----  -----  -----  -----  -----  -----  -----  -----  -----  -----  -----  -----  -----  -----  -----  -----  -----  -----  -----  -----  -----  -----  -----  -----  -----  -----  -----  -----  -----  -----  -----  -----  -----  -----  -----  -----  -----
  5      0     4,0     1      1                                  1      1                                  1      1                    1      1      1      1                    1      1      1      1      1      1      1      1      1      1      1      1      1      1
  5      0     4,1     1      1                                  1      1                                  1      1                    1      1      1      1                    1      1      1      1      1      1      1      1      1      1      1      1      1      1
  5      0     5,0     1      1                                  1      1                                  1      1                    1      1      1      1                    1      1      1      1      1      1      1      1      1      1      1      1      1      1
  5      0     5,1     1      1                                  1      1                                  1      1                    1      1      1      1                    1      1      1      1      1      1      1      1      1      1      1      1      1      1
-----  -----  -----  -----  -----  -----  -----  -----  -----  -----  -----  -----  -----  -----  -----  -----  -----  -----  -----  -----  -----  -----  -----  -----  -----  -----  -----  -----  -----  -----  -----  -----  -----  -----  -----  -----  -----  -----  -----
  6      0     4,2     1      1      1      1                    1      1      1      1                    1      1      1      1                    1      1      1      1                    1      1      1      1      1      1      1      1      1      1      1      1
  6      0     4,3     1      1      1      1                    1      1      1      1                    1      1      1      1                    1      1      1      1                    1      1      1      1      1      1      1      1      1      1      1      1
  6      0     5,2     1      1      1      1                    1      1      1      1                    1      1      1      1                    1      1      1      1                    1      1      1      1      1      1      1      1      1      1      1      1
  6      0     5,3     1      1      1      1                    1      1      1      1                    1      1      1      1                    1      1      1      1                    1      1      1      1      1      1      1      1      1      1      1      1
-----  -----  -----  -----  -----  -----  -----  -----  -----  -----  -----  -----  -----  -----  -----  -----  -----  -----  -----  -----  -----  -----  -----  -----  -----  -----  -----  -----  -----  -----  -----  -----  -----  -----  -----  -----  -----  -----  -----
SPAN    4,4     1      1      1      1      1      1      1      1      1      1      1      1      1      1      1      1      1      1      1      1      1      1      1      1      1      1      1      1      1      1      1      1      1      1      1      1
SPAN    4,5     1      1      1      1      1      1      1      1      1      1      1      1      1      1      1      1      1      1      1      1      1      1      1      1      1      1      1      1      1      1      1      1      1      1      1      1
SPAN    5,4     1      1      1      1      1      1      1      1      1      1      1      1      1      1      1      1      1      1      1      1      1      1      1      1      1      1      1      1      1      1      1      1      1      1      1      1
SPAN    5,5     1      1      1      1      1      1      1      1      1      1      1      1      1      1      1      1      1      1      1      1      1      1      1      1      1      1      1      1      1      1      1      1      1      1      1      1
-----  -----  -----  -----  -----  -----  -----  -----  -----  -----  -----  -----  -----  -----  -----  -----  -----  -----  -----  -----  -----  -----  -----  -----  -----  -----  -----  -----  -----  -----  -----  -----  -----  -----  -----  -----  -----  -----  -----
