Interactions of CompareOnOneGame
        num    0,0    0,1    0,2    0,3    1,0    1,1    1,2    1,3    2,0    2,1    2,2    2,3    3,0    3,1    3,2    3,3
-----  -----  -----  -----  -----  -----  -----  -----  -----  -----  -----  -----  -----  -----  -----  -----  -----  -----
        0,0     1
        0,1     1      1
        0,2     1      1      1                           1
        0,3     1      1      1      1                    1      1                           1
        1,0     1                           1      1
        1,1     1      1                    1      1
        1,2     1      1      1             1      1      1
        1,3     1      1      1      1      1      1      1      1                           1
        2,0     1                           1      1                    1      1      1
        2,1     1      1                    1      1                    1      1      1
        2,2     1      1      1             1      1      1             1      1      1
        2,3     1      1      1      1      1      1      1      1      1      1      1      1
        3,0     1                           1      1                    1      1      1             1      1      1      1
        3,1     1      1                    1      1                    1      1      1             1      1      1      1
        3,2     1      1      1             1      1      1             1      1      1             1      1      1      1
        3,3     1      1      1      1      1      1      1      1      1      1      1      1      1      1      1      1


Dims: 2, points=4 Origin: 0 Spanned: 9 Duplicates: 0
 dim    num    0,0    0,1    0,2    0,3    1,0    1,1    1,2    1,3    2,0    2,1    2,2    2,3    3,0    3,1    3,2    3,3
-----  -----  -----  -----  -----  -----  -----  -----  -----  -----  -----  -----  -----  -----  -----  -----  -----  -----
  0     0,0     1
  0     0,1     1      1
  0     0,2     1      1      1                           1
  0     0,3     1      1      1      1                    1      1                           1
-----  -----  -----  -----  -----  -----  -----  -----  -----  -----  -----  -----  -----  -----  -----  -----  -----  -----
  1     1,0     1                           1      1
  1     2,0     1                           1      1                    1      1      1
  1     3,0     1                           1      1                    1      1      1             1      1      1      1
-----  -----  -----  -----  -----  -----  -----  -----  -----  -----  -----  -----  -----  -----  -----  -----  -----  -----
SPAN    1,1     1      1                    1      1
SPAN    1,2     1      1      1             1      1      1
SPAN    2,1     1      1                    1      1                    1      1      1
SPAN    1,3     1      1      1      1      1      1      1      1                           1
SPAN    2,2     1      1      1             1      1      1             1      1      1
SPAN    3,1     1      1                    1      1                    1      1      1             1      1      1      1
SPAN    2,3     1      1      1      1      1      1      1      1      1      1      1      1
SPAN    3,2     1      1      1             1      1      1             1      1      1             1      1      1      1
SPAN    3,3     1      1      1      1      1      1      1      1      1      1      1      1      1      1      1      1
-----  -----  -----  -----  -----  -----  -----  -----  -----  -----  -----  -----  -----  -----  -----  -----  -----  -----
